A =[1     2;
    3     4]
B =[2     3;
    3     2]
A\B
